900,,84,84,84,792,
2350,,94,94,94,1820,
2964,,112,112,112,2146,
4290,,130,130,130,3360,
1504,,107,107,107,977,
378,,36,36,36,298,
1376,,72,72,72,980,
5952,,155,155,155,3997,
1656,,107,107,107,1409,
5394,,148,148,148,3650,
6390,,158,158,158,4704,
259,,41,41,41,187,
670,,74,74,74,274,
1080,,75,75,75,727,
1656,,92,92,92,1134,
3555,,121,121,121,2301,
3780,,126,126,126,2646,
3096,,112,112,112,1696,
2438,,96,96,96,1758,
1445,,99,99,99,1281,
8930,,186,186,186,5438,
616,,47,47,47,485,
6264,,156,156,156,4270,
6956,,165,165,165,4563,
3350,,114,114,114,2380,
7084,,166,166,166,4968,
5175,,141,141,141,3659,
660,,49,49,49,567,
3762,,120,120,120,2610,
779,,57,57,57,663,
3055,,109,109,109,2419,
360,,63,63,63,353,
532,,80,80,80,322,
1925,,87,87,87,1507,
7410,,170,170,170,4942,
435,,41,41,41,423,
8712,,184,184,184,5862,
1656,,107,107,107,1341,
1037,,75,75,75,935,
4704,,143,143,143,2963,
9114,,188,188,188,6324,
299,,33,33,33,255,
1188,,68,68,68,834,
1260,,78,78,78,1160,
4366,,130,130,130,3176,
1008,,63,63,63,931,
3234,,128,128,128,2294,
969,,67,67,67,737,
5720,,150,150,150,4194,
451,,49,49,49,409,
2112,,115,115,115,1177,
5225,,147,147,147,3845,
2250,,92,92,92,1568,
2337,,95,95,95,1705,
7387,,169,169,169,4851,
2006,,90,90,90,1636,
1980,,93,93,93,1411,
1276,,77,77,77,871,
75,,17,17,17,45,
5025,,139,139,139,3713,
2772,,114,114,114,2122,
2924,,108,108,108,2188,
1610,,78,78,78,1310,
468,,81,81,81,433,
1633,,91,91,91,1425,
3280,,118,118,118,2324,
1248,,71,71,71,1033,
1411,,97,97,97,951,
665,,99,99,99,623,
1040,,63,63,63,937,
4876,,142,142,142,3342,
1995,,89,89,89,1607,
4029,,127,127,127,3131,
3760,,131,131,131,2429,
6204,,157,157,157,4219,
2816,,117,117,117,2209,
9408,,191,191,191,6829,
2080,,103,103,103,1603,
1800,,82,82,82,1380,
1416,,80,80,80,1092,
1188,,66,66,66,920,
6370,,158,158,158,4372,
1488,,83,83,83,1343,
192,,25,25,25,179,
2436,,110,110,110,1444,
1344,,97,97,97,901,
6633,,163,163,163,4743,
4161,,127,127,127,2959,
1196,,72,72,72,1012,
4352,,129,129,129,3185,
1520,,93,93,93,1289,
632,,84,84,84,522,
1881,,115,115,115,1069,
6975,,165,165,165,4325,
5548,,146,146,146,4160,
2295,,109,109,109,1491,
3696,,122,122,122,2378,
560,,51,51,51,463,
273,,31,31,31,167,
4437,,135,135,135,3299,
5428,,148,148,148,3698,
2448,,103,103,103,1875,
1748,,81,81,81,1205,
5328,,143,143,143,3997,
6804,,162,162,162,4536,
924,,92,92,92,564,
3780,,120,120,120,2962,
3150,,110,110,110,2286,
4617,,135,135,135,3087,
2912,,120,120,120,2070,
2144,,96,96,96,1600,
4558,,136,136,136,3600,
3045,,119,119,119,2495,
3036,,110,110,110,2324,
945,,59,59,59,725,
4128,,131,131,131,3179,
715,,73,73,73,651,
396,,44,44,44,342,
4214,,138,138,138,3078,
8722,,184,184,184,6014,
792,,55,55,55,645,
2730,,104,104,104,2044,
3168,,111,111,111,2507,
572,,60,60,60,476,
4664,,138,138,138,3138,
1045,,103,103,103,939,
693,,103,103,103,323,
1024,,61,61,61,839,
8277,,179,179,179,5415,
6764,,162,162,162,4190,
4611,,137,137,137,3405,
120,,20,20,20,104,
3640,,118,118,118,2426,
5133,,143,143,143,3439,
318,,56,56,56,208,
7395,,169,169,169,4903,
670,,74,74,74,612,
192,,35,35,35,183,
1316,,72,72,72,874,
3975,,125,125,125,2889,
2840,,108,108,108,2178,
4018,,128,128,128,3006,
1843,,113,113,113,1653,
6696,,162,162,162,4404,
348,,61,61,61,319,
3444,,121,121,121,2745,
3136,,109,109,109,2349,
5402,,144,144,144,3434,
2132,,105,105,105,1695,
2680,,104,104,104,1832,
3392,,114,114,114,2488,
2546,,102,102,102,1784,
5200,,142,142,142,3688,
930,,58,58,58,802,
315,,33,33,33,273,
1344,,73,73,73,985,
1125,,87,87,87,1009,
8170,,178,178,178,5306,
288,,33,33,33,255,
570,,50,50,50,548,
1645,,79,79,79,1323,
3082,,110,110,110,2244,
4800,,145,145,145,3229,
1845,,83,83,83,1377,
826,,70,70,70,630,
1704,,92,92,92,1234,
7220,,168,168,168,5082,
671,,69,69,69,467,
988,,86,86,86,574,
6536,,159,159,159,4273,
4914,,138,138,138,3504,
7134,,166,166,166,5070,
1700,,102,102,102,1220,
1155,,89,89,89,1011,
2560,,109,109,109,1975,
3010,,118,118,118,1734,
3300,,113,113,113,2475,
3293,,123,123,123,2577,
3652,,124,124,124,2586,
2904,,118,118,118,2332,
675,,57,57,57,517,
7480,,170,170,170,4614,
2937,,119,119,119,2283,
340,,41,41,41,181,
3822,,130,130,130,2602,
175,,37,37,37,91,
84,,16,16,16,82,
2139,,97,97,97,1441,
1806,,82,82,82,1386,
574,,52,52,52,520,
644,,96,96,96,302,
8544,,182,182,182,5808,
644,,96,96,96,624,
1290,,98,98,98,1118,
6862,,164,164,164,4344,
5880,,155,155,155,3661,
2628,,106,106,106,2054,
896,,75,75,75,665,
700,,104,104,104,684,
3900,,125,125,125,2761,
272,,30,30,30,254,
1590,,80,80,80,1134,
1518,,88,88,88,1312,
3182,,120,120,120,2090,
2244,,98,98,98,1250,
1620,,81,81,81,1357,
2640,,100,100,100,1852,
665,,51,51,51,581,
2166,,92,92,92,1752,
3306,,112,112,112,2484,
5382,,144,144,144,3720,
114,,22,22,22,92,
1634,,102,102,102,914,
6808,,163,163,163,4507,
1260,,96,96,96,928,
160,,34,34,34,96,
3604,,118,118,118,2688,
420,,73,73,73,285,
3564,,117,117,117,2093,
6624,,161,161,161,4439,
5472,,150,150,150,3932,
4482,,134,134,134,3028,
3024,,117,117,117,2053,
9118,,188,188,188,5234,
1032,,64,64,64,914,
4424,,132,132,132,3080,
636,,62,62,62,500,
525,,79,79,79,441,
1176,,95,95,95,1065,
4648,,136,136,136,3172,
1568,,81,81,81,1143,
3822,,130,130,130,2596,
4370,,138,138,138,3314,
480,,55,55,55,441,
1176,,95,95,95,1023,
2236,,109,109,109,1703,
2178,,96,96,96,1862,
1925,,99,99,99,1553,
440,,90,90,90,188,
5544,,146,146,146,3776,
6205,,155,155,155,4687,
645,,55,55,55,599,
1702,,94,94,94,1152,
230,,48,48,48,218,
1360,,71,71,71,1071,
820,,58,58,58,640,
910,,80,80,80,618,
1638,,106,106,106,1362,
1805,,111,111,111,1539,
2915,,105,105,105,2205,
2747,,105,105,105,1919,
3726,,124,124,124,2428,
7600,,173,173,173,5019,
1188,,73,73,73,1069,
1015,,61,61,61,671,
2750,,102,102,102,2160,
504,,76,76,76,252,
4148,,126,126,126,2858,
1710,,80,80,80,1304,
342,,60,60,60,326,
1034,,66,66,66,912,
1827,,105,105,105,1183,
70,,14,14,14,62,
1700,,90,90,90,1144,
45,,11,11,11,35,
752,,99,99,99,599,
7315,,169,169,169,5135,
1176,,70,70,70,1042,
1190,,96,96,96,1078,
812,,69,69,69,563,
2655,,101,101,101,2079,
817,,59,59,59,617,
1335,,101,101,101,1149,
1260,,96,96,96,876,
5520,,146,146,146,3688,
5170,,146,146,146,3568,
1260,,70,70,70,796,
1155,,89,89,89,699,
990,,78,78,78,686,
2294,,102,102,102,1980,
2688,,103,103,103,2253,
2112,,94,94,94,1610,
980,,81,81,81,683,
714,,62,62,62,662,
2001,,107,107,107,1107,
6305,,159,159,159,3729,
774,,58,58,58,548,
4096,,125,125,125,3067,
3456,,129,129,129,2701,
2772,,105,105,105,2253,
944,,72,72,72,722,
108,,21,21,21,81,
3468,,116,116,116,2332,
4602,,134,134,134,3324,
2484,,97,97,97,1903,
2392,,95,95,95,1737,
690,,50,50,50,594,
4230,,134,134,134,2964,
2925,,111,111,111,2113,
1326,,70,70,70,976,
3330,,124,124,124,2350,
512,,69,69,69,491,
2294,,96,96,96,1782,
507,,49,49,49,367,
640,,49,49,49,475,
72,,14,14,14,62,
1675,,89,89,89,1141,
300,,34,34,34,248,
2632,,100,100,100,2010,
2132,,90,90,90,1688,
1911,,85,85,85,1517,
1920,,85,85,85,1333,
536,,72,72,72,376,
1235,,81,81,81,1145,
6432,,160,160,160,4198,
3640,,119,119,119,2623,
2059,,97,97,97,1829,
1683,,81,81,81,1351,
2160,,111,111,111,1337,
8019,,177,177,177,5307,
2232,,114,114,114,1406,
5135,,141,141,141,3613,
1813,,83,83,83,1413,
150,,32,32,32,130,
286,,34,34,34,284,
2952,,115,115,115,2077,
5986,,152,152,152,4424,
2958,,106,106,106,2152,
2170,,94,94,94,1608,
450,,52,52,52,400,
759,,53,53,53,651,
2958,,118,118,118,2240,
3551,,117,117,117,2519,
833,,63,63,63,783,
4400,,132,132,132,2846,
441,,55,55,55,315,
1617,,95,95,95,1221,
1431,,77,77,77,1285,
2209,,91,91,91,1641,
1261,,107,107,107,927,
3008,,123,123,123,1695,
3969,,127,127,127,2601,
2160,,99,99,99,1427,
588,,46,46,46,534,
3009,,107,107,107,2079,
3564,,122,122,122,2850,
418,,46,46,46,398,
1012,,65,65,65,705,
221,,27,27,27,187,
648,,63,63,63,611,
4087,,125,125,125,3081,
1806,,104,104,104,1540,
238,,38,38,38,228,
6880,,163,163,163,4939,
2225,,111,111,111,1769,
5428,,148,148,148,3498,
2277,,99,99,99,1855,
369,,47,47,47,343,
828,,61,61,61,671,
1050,,86,86,86,956,
198,,28,28,28,156,
420,,73,73,73,413,
6048,,153,153,153,4329,
540,,93,93,93,507,
7056,,165,165,165,5071,
384,,53,53,53,313,
1287,,69,69,69,977,
5440,,145,145,145,3487,
1140,,76,76,76,722,
78,,16,16,16,66,
84,,17,17,17,71,
7980,,176,176,176,5744,
3420,,118,118,118,2546,
2064,,107,107,107,1465,
2120,,90,90,90,1418,
644,,96,96,96,624,
1218,,68,68,68,880,
84,,17,17,17,65,
814,,56,56,56,724,
4774,,136,136,136,3312,
4864,,137,137,137,2809,
6300,,156,156,156,4594,
4212,,130,130,130,3266,
8514,,182,182,182,5360,
5115,,145,145,145,3513,
5727,,149,149,149,3933,
462,,40,40,40,402,
6324,,158,158,158,4122,
117,,19,19,19,91,
1404,,93,93,93,1175,
1496,,75,75,75,1219,
3040,,113,113,113,2345,
4599,,133,133,133,3547,
6700,,164,164,164,3964,
1008,,61,61,61,839,
4410,,136,136,136,3402,
1026,,70,70,70,684,
1494,,98,98,98,1010,
720,,55,55,55,633,
780,,56,56,56,706,
6318,,156,156,156,4686,
1975,,101,101,101,1647,
1806,,82,82,82,1388,
4002,,124,124,124,2806,
5589,,147,147,147,3457,
5220,,144,144,144,3418,
5445,,151,151,151,4075,
2716,,122,122,122,2230,
2739,,113,113,113,2231,
7553,,171,171,171,5315,
4602,,134,134,134,3152,
2565,,99,99,99,2141,
182,,24,24,24,150,
5246,,144,144,144,3814,
534,,92,92,92,376,
650,,60,60,60,610,
3128,,111,111,111,2191,
902,,60,60,60,736,
170,,36,36,36,164,
72,,14,14,14,56,
425,,87,87,87,415,
3000,,127,127,127,2167,
2772,,114,114,114,1804,
580,,65,65,65,407,
2376,,102,102,102,1928,
1219,,73,73,73,951,
3612,,124,124,124,2782,
1584,,112,112,112,1170,
8272,,179,179,179,5109,
690,,50,50,50,654,
8316,,180,180,180,5834,
546,,50,50,50,460,
568,,76,76,76,546,
4089,,131,131,131,2735,
4690,,134,134,134,3220,
2698,,106,106,106,2136,
2475,,105,105,105,2029,
6014,,156,156,156,4344,
1260,,69,69,69,941,
6734,,162,162,162,4844,
640,,71,71,71,453,
3168,,111,111,111,2449,
3666,,130,130,130,2206,
426,,74,74,74,418,
1786,,82,82,82,1258,
1122,,64,64,64,890,
4650,,140,140,140,3246,
6930,,164,164,164,4888,
2574,,108,108,108,2272,
1904,,87,87,87,1281,
4575,,133,133,133,3457,
108,,21,21,21,87,
2340,,98,98,98,1452,
1938,,88,88,88,1468,
570,,46,46,46,458,
2795,,105,105,105,2347,
510,,58,58,58,382,
800,,63,63,63,369,
7372,,170,170,170,5158,
3780,,120,120,120,2502,
3948,,133,133,133,2787,
1274,,108,108,108,752,
1190,,84,84,84,1018,
3969,,127,127,127,2867,
260,,33,33,33,231,
1312,,70,70,70,1248,
308,,36,36,36,294,
6800,,162,162,162,4670,
8366,,180,180,180,5974,
702,,84,84,84,674,
5005,,139,139,139,3285,
1494,,98,98,98,1098,
7254,,168,168,168,4994,
2695,,101,101,101,2009,
351,,45,45,45,321,
9114,,188,188,188,6204,
1610,,78,78,78,1044,
355,,73,73,73,329,
1755,,81,81,81,1483,
540,,45,45,45,483,
2016,,89,89,89,1571,
5964,,152,152,152,3946,
1482,,74,74,74,1128,
3008,,123,123,123,2531,
972,,90,90,90,700,
3876,,122,122,122,3186,
3696,,127,127,127,2753,
4620,,133,133,133,3337,
1476,,97,97,97,1283,
5828,,153,153,153,3783,
945,,63,63,63,705,
672,,65,65,65,321,
2356,,97,97,97,1761,
1134,,92,92,92,1002,
4356,,129,129,129,2867,
4048,,133,133,133,2719,
3854,,126,126,126,2740,
2380,,101,101,101,1639,
3880,,134,134,134,2530,
6370,,160,160,160,4490,
