3160,900
2693,2350
3279,2964
3859,4290
3884,1504
1205,378
2065,1376
4458,5952
3388,1656
4231,5394
4265,6390
1744,259
2611,670
2462,1080
3032,1656
3388,3555
3465,3780
3358,3350
3096,600
4360,6097
3054,3192
3811,4116
4466,6160
1919,414
2905,1971
5141,8084
3478,3315
3355,2128
1353,270
3032,2145
3531,4012
3828,4050
1698,684
2199,1645
614,144
3352,1566
2518,1080
3016,1820
3015,2343
4095,4784
2210,1274
2249,1484
1876,1085
3941,4588
3141,1848
5062,7990
3797,3526
4049,3298
1148,180
3479,3600
3433,3834
4814,7440
4649,7500
3696,4731
1453,360
3912,2116
1735,200
3598,4307
4033,3102
3299,4092
3598,3906
3868,4592
3352,1600
3145,2201
2171,1376
2651,2257
3977,4982
2519,1952
2269,1886
3214,3157
2127,605
3086,2960
3266,1992
2381,1475
4053,5824
3330,3431
1174,308
3683,3752
1499,570
3323,3360
3586,4446
4144,4512
722,85
4378,6440
3070,3080
3781,5525
2939,1425
2117,1075
2922,3692
2516,1887
2061,867
2763,1008
2246,1064
3069,2688
1439,558
4055,4823
4057,5402
2069,828
3105,1596
1964,1330
1315,525
4033,5610
4090,5376
2351,1568
1132,140
2569,1122
4308,5964
2118,864
2946,420
4198,5244
3173,3021
1735,1080
4283,5358
1245,416
3056,3402
3678,2666
2600,290
5010,8526
2361,867
3592,3344
4052,4606
2890,2728
2612,2145
2160,605
2616,1792
3498,780
2334,1470
3985,2277
2992,2537
4056,970
2378,1624
3861,2185
2471,1054
1066,176
1154,312
3077,2280
3322,1817
4448,5760
1630,429
1995,731
3909,3003
2459,1098
4067,2156
3431,3157
3033,2691
2830,2436
2715,1972
3206,1782
1557,806
2681,1856
2618,1408
3389,3384
1225,560
3333,2847
2267,432
3942,2904
2748,1650
3815,4788
589,140
1616,644
1727,900
4492,5820
3073,2457
2459,285
2041,704
4407,5643
2056,920
4564,6732
1622,246
3496,3375
4841,8091
3005,1742
3640,4290
3865,5110
2211,1470
4704,7387
3663,4350
3625,4150
1285,528
2481,1908
1508,527
3854,2668
3461,3358
4252,594
4055,6030
3102,2795
3914,1710
2871,2256
2217,611
2991,1330
4706,6528
3972,4845
2788,793
2834,2365
2559,1870
4044,5115
2157,1150
3724,4984
3647,2275
3756,3276
3804,4544
3697,4386
2199,636
4180,4356
2199,1932
2347,1512
4647,7200
3073,3300
2441,512
5026,7917
4024,1316
1708,301
2972,1350
4408,6970
3325,2920
4753,6402
4077,5576
2639,1856
4552,6461
3816,1300
4148,534
3822,4459
4214,4320
3919,3762
3631,3094
2911,2700
4464,7007
1294,480
2461,885
383,35
4452,7209
3856,5628
3312,574
2072,1404
2964,350
2593,2200
3759,3456
2172,1248
3734,3976
3767,1520
3559,480
3742,3486
4131,1881
3121,1296
2976,2106
4588,6510
1487,735
2795,2376
2980,3024
3895,3185
3458,3726
4424,5850
3241,2923
3451,4620
2533,2226
3871,4565
1993,308
3784,4836
2756,760
2630,335
4091,1940
2128,352
3752,2511
2129,612
1679,672
3074,3239
3074,3360
3564,3567
1513,185
2049,1521
1818,185
4168,6396
3128,2376
4413,6424
4856,8827
1147,378
3654,3696
3042,2790
4491,6804
2407,2160
4108,5451
4022,4277
3718,2300
2595,1953
1573,420
3862,4536
4252,2976
2826,576
3764,4500
4515,6536
3982,1164
3142,3479
649,80
3008,1404
4282,5445
5417,9405
4572,6580
2690,2450
3105,2574
2920,975
3680,4218
3874,4794
3541,4130
4181,5740
3368,2291
1095,168
1237,406
4634,6478
3853,5180
2604,1850
4095,7254
4336,450
1831,990
2356,870
2032,1085
1970,935
2038,329
980,276
3509,492
761,135
4522,7020
2128,1025
1632,320
4669,6975
3102,720
4220,4888
3341,3540
3431,1079
1161,225
2565,2156
4563,6693
4088,5751
3251,2698
2655,1560
762,184
2636,2961
2357,1482
5083,7920
1630,560
3285,3330
3819,3655
4730,6930
1444,750
2240,1566
3786,3828
5151,7905
3749,4539
3437,3440
4501,6375
2330,1269
3089,1606
4023,5775
1001,195
3361,2220
2341,1450
4041,637
2940,1972
3817,5124
3868,1012
3963,4740
3807,3320
2889,639
4456,5963
2424,1736
1622,540
3955,4230
4399,5850
4654,7125
2955,1197
1424,754
2777,2200
1822,858
3788,4300
2822,825
2900,2346
889,304
3841,4758
1840,1254
3235,1920
699,135
2430,531
4633,7560
4676,6396
4163,5076
2525,1440
1437,434
2003,1276
3880,5035
3598,3612
3942,4970
2438,1638
4877,6100
3873,1632
1465,726
4178,5616
3016,1518
4957,8439
4170,5612
2006,920
3532,3621
3063,2730
3797,3569
5285,9108
3039,2414
4317,5200
3246,3050
3813,4042
3865,4018
4829,7392
2692,2214
3325,2050
3638,4081
3848,3552
3709,2430
3486,4335
1053,207
3742,4452
2319,650
2008,1224
3507,3128
3746,4599
5261,9215
1448,775
4311,4753
3154,462
2171,1593
2372,1664
2714,2000
3296,3285
3030,3744
1807,1008
3523,3465
4413,6270
3608,4928
2369,1638
3768,1649
4265,6789
4269,6873
3977,5467
3251,2726
4887,7800
4384,6497
3296,3024
1630,328
3822,3256
3612,3440
2046,945
3349,3321
4268,4845
919,119
1322,364
4397,6804
3242,3240
2338,432
4197,5130
3051,1425
2384,990
1996,640
4557,7728
2710,1206
4059,3100
1984,836
2516,806
2962,3481
1510,513
2499,2040
3402,2075
3049,1476
4483,6693
4169,5340
2650,2583
4646,6873
2329,1300
3793,1568
959,204
4726,7584
2596,270
2776,1428
4746,7056
2584,1593
1432,340
4721,7520
4154,5760
2573,1008
1885,520
700,84
2827,2738
3345,2250
3848,1092
4866,6873
3321,3905
3598,4235
3509,2816
1781,731
1334,420
2913,1846
3413,3234
1111,288
4103,5162
1192,441
