898,900
2348,2350
2962,2964
4234,4290
1409,1504
356,378
1332,1376
5889,5952
1637,1656
5300,5394
6318,6390
257,259
602,670
1019,1080
1654,1656
3553,3555
3734,3780
3282,3350
598,600
6095,6097
3190,3192
4114,4116
6089,6160
404,414
1969,1971
7989,8084
3313,3315
2051,2128
268,270
2143,2145
3952,4012
4048,4050
664,684
1643,1645
142,144
1564,1566
1061,1080
1793,1820
2341,2343
4691,4784
1272,1274
1430,1484
1083,1085
4525,4588
1846,1848
7904,7990
3524,3526
3296,3298
173,180
3527,3600
3832,3834
7438,7440
7424,7500
4729,4731
329,360
2114,2116
194,200
4305,4307
3100,3102
4025,4092
3842,3906
4509,4592
1519,1600
2199,2201
1332,1376
2255,2257
4928,4982
1890,1952
1884,1886
3155,3157
603,605
2885,2960
1908,1992
1473,1475
5822,5824
3429,3431
296,308
3750,3752
568,570
3311,3360
4444,4446
4463,4512
83,85
6347,6440
3009,3080
5523,5525
1423,1425
1073,1075
3690,3692
1885,1887
865,867
935,1008
1044,1064
2623,2688
526,558
4821,4823
5400,5402
809,828
1594,1596
1294,1330
523,525
5608,5610
5319,5376
1518,1568
134,140
1104,1122
5892,5964
847,864
413,420
5242,5244
3019,3021
1049,1080
5300,5358
389,416
3338,3402
2664,2666
288,290
8438,8526
865,867
3255,3344
4556,4606
2665,2728
2143,2145
603,605
1759,1792
701,780
1420,1470
2275,2277
2535,2537
968,970
1565,1624
2183,2185
1036,1054
167,176
310,312
2203,2280
1815,1817
5663,5760
427,429
729,731
3001,3003
1096,1098
2133,2156
3155,3157
2689,2691
2393,2436
1937,1972
1780,1782
774,806
1854,1856
1343,1408
3336,3384
539,560
2845,2847
423,432
2870,2904
1648,1650
4786,4788
129,140
620,644
869,900
5722,5820
2455,2457
283,285
687,704
5641,5643
896,920
6632,6732
204,246
3373,3375
8089,8091
1740,1742
4224,4290
5108,5110
1434,1470
7385,7387
4348,4350
4066,4150
526,528
1906,1908
525,527
2638,2668
3356,3358
494,594
6028,6030
2793,2795
1614,1710
2208,2256
609,611
1310,1330
6459,6528
4843,4845
791,793
2363,2365
1814,1870
5113,5115
1126,1150
4894,4984
2273,2275
3274,3276
4472,4544
4334,4386
582,636
4354,4356
1885,1932
1469,1512
7198,7200
3233,3300
447,512
7915,7917
1221,1316
299,301
1274,1350
6884,6970
2846,2920
6400,6402
5493,5576
1797,1856
6459,6461
1286,1300
444,534
4457,4459
4318,4320
3662,3762
3002,3094
2698,2700
7005,7007
464,480
883,885
33,35
7207,7209
5560,5628
566,574
1376,1404
344,350
2144,2200
3419,3456
1199,1248
3974,3976
1424,1520
473,480
3402,3486
1879,1881
1294,1296
2104,2106
6508,6510
733,735
2331,2376
2967,3024
3183,3185
3656,3726
5784,5850
2921,2923
4618,4620
2224,2226
4563,4565
300,308
4773,4836
749,760
333,335
1938,1940
307,352
2509,2511
560,612
643,672
3237,3239
3311,3360
3565,3567
183,185
1519,1521
183,185
6313,6396
2342,2376
6422,6424
8825,8827
376,378
3611,3696
2744,2790
6802,6804
2105,2160
5449,5451
4275,4277
2276,2300
1951,1953
418,420
4534,4536
2974,2976
566,576
4424,4500
6459,6536
1162,1164
3477,3479
74,80
1325,1404
5443,5445
9403,9405
6485,6580
2448,2450
2572,2574
973,975
4160,4218
4742,4794
4128,4130
5657,5740
2289,2291
146,168
404,406
6476,6478
5105,5180
1848,1850
7252,7254
448,450
988,990
868,870
1083,1085
933,935
327,329
274,276
485,492
133,135
6929,7020
1023,1025
311,320
6973,6975
647,720
4835,4888
3480,3540
1077,1079
223,225
2106,2156
6691,6693
5749,5751
2626,2698
1558,1560
182,184
2959,2961
1480,1482
7918,7920
545,560
3328,3330
3653,3655
6830,6930
724,750
1536,1566
3740,3828
7903,7905
4537,4539
3438,3440
6373,6375
1267,1269
1604,1606
5773,5775
193,195
2145,2220
1424,1450
635,637
1942,1972
5062,5124
1000,1012
4660,4740
3236,3320
637,639
5961,5963
1734,1736
524,540
4182,4230
5848,5850
7123,7125
1195,1197
752,754
2155,2200
856,858
4249,4300
823,825
2276,2346
302,304
4696,4758
1252,1254
1895,1920
133,135
529,531
7475,7560
6313,6396
5021,5076
1415,1440
402,434
1246,1276
5033,5035
3610,3612
4968,4970
1598,1638
6038,6100
1630,1632
724,726
5543,5616
1516,1518
8437,8439
5550,5612
873,920
3619,3621
2728,2730
3567,3569
9106,9108
2342,2414
5099,5200
2988,3050
3998,4042
4016,4018
7314,7392
2172,2214
2048,2050
4079,4081
3550,3552
2428,2430
4333,4335
205,207
4398,4452
648,650
1222,1224
3035,3128
4597,4599
9213,9215
773,775
4751,4753
384,462
1591,1593
1631,1664
1949,2000
3283,3285
3691,3744
965,1008
3463,3465
6174,6270
4850,4928
1636,1638
1647,1649
6787,6789
6871,6873
5465,5467
2696,2726
7699,7800
6495,6497
2981,3024
286,328
3254,3256
3438,3440
943,945
3319,3321
4843,4845
117,119
349,364
6722,6804
3238,3240
423,432
5128,5130
1423,1425
934,990
623,640
7643,7728
1138,1206
3098,3100
816,836
804,806
3479,3481
511,513
1988,2040
2073,2075
1393,1476
6691,6693
5338,5340
2581,2583
6871,6873
1298,1300
1469,1568
202,204
7582,7584
264,270
1426,1428
6971,7056
1591,1593
329,340
7439,7520
5679,5760
944,1008
467,520
76,84
2700,2738
2248,2250
1090,1092
6871,6873
3903,3905
4233,4235
2783,2816
729,731
384,420
1774,1846
3232,3234
263,288
5160,5162
439,441
